1
2
32771
65540
65539
32776
65545
10
32780
98320
98326
32792
98329
32795
32797
65573
65576
32813
46
65584
98354
32822
32825
68
65608
32844
98386
32850
65620
87
32856
65625
65623
98396
98399
97
98
32865
65636
101
102
32871
32873
32876
65644
65646
65647
32880
98412
110
65652
119
120
98428
98429
131
65668
98435
98439
98447
65680
32917
65687
152
98455
98458
65691
153
98463
65698
65701
169
171
32943
98480
65713
65716
98488
65721
98491
189
98495
32960
197
198
98509
65743
214
65757
226
32995
230
98534
65766
98540
237
98544
98545
33014
98550
65784
98553
98560
258
267
33036
33038
98575
65807
33043
275
98579
98582
65813
280
33047
65816
65821
33054
33055
98595
33061
65831
65834
98607
33072
305
33075
33077
65853
327
65865
65866
333
33101
336
338
339
98643
341
98655
33124
360
98665
65902
98671
33136
65908
98677
98681
98684
65917
98685
65919
98689
396
98701
65935
33172
65941
98709
65943
98712
98713
411
98718
98719
415
33185
98723
65957
65959
98729
33193
98731
427
65965
65966
33201
33202
65973
98745
33210
65979
65980
98748
447
65984
98754
98755
455
98760
98766
98770
98774
33242
33243
33244
478
33247
66016
483
98788
489
98794
33262
98806
98807
66042
508
510
512
98817
514
33283
66056
66057
524
98830
66064
98835
66067
33301
98838
66068
98843
540
98848
33312
546
98853
98858
98861
33328
33329
561
66096
66102
98871
566
66106
98876
98877
33345
98883
98886
98888
33356
98896
66132
33369
98907
66144
610
98916
98921
33386
66157
98929
626
629
66167
98936
98937
33403
98940
66175
33410
33413
33414
98956
98958
66191
656
98961
66204
66207
66208
33441
33443
98985
682
98991
98992
98996
699
33467
66246
712
99016
716
33488
66257
99029
725
33495
33501
33504
99041
739
66278
746
66283
33516
33521
754
99061
66295
66301
766
33535
769
99074
775
99079
99083
33549
99086
66320
33554
99091
99093
66330
99102
33572
805
33573
99111
33575
809
66344
811
33579
66349
66347
99116
816
818
820
99124
33592
33596
99135
33601
33603
835
66372
99142
33610
33613
33614
33619
33620
854
857
66394
99161
33628
66401
66405
33638
873
876
66413
66428
66433
898
99204
33678
99215
33680
66448
915
66451
99221
99223
66456
99224
925
33697
66467
99240
99241
99244
943
945
948
99253
951
952
66490
66493
958
99265
33730
963
66501
66510
99280
977
99283
99287
33753
99289
99290
66525
991
33766
66537
33771
99310
99314
1011
99316
66547
66550
33780
1013
33779
1018
33786
66548
99326
1024
33793
1029
33798
99337
33804
99342
66575
33812
66584
66586
99355
33820
99358
66590
33824
99363
33829
66598
1065
99372
33836
1071
99378
33843
66611
1077
66614
66619
33853
33863
66636
99405
66640
33874
33875
99414
66647
99415
33883
66660
99434
99435
33900
99436
1131
1135
33902
1137
99438
66667
66677
99458
1155
33924
1158
99472
66707
1176
33946
99486
33951
66729
66730
66733
99504
66743
66744
33978
99519
33985
99521
66755
99524
99525
99522
1222
66761
99531
99535
34001
66769
34002
99541
1243
66782
1250
1251
66788
66789
34022
66791
99559
99562
99566
99572
34039
99579
66816
66819
1283
66824
34056
99595
1292
34059
99599
66832
1297
99602
66835
99603
66837
34070
99607
1309
66845
34084
99620
66857
1321
66861
1328
99638
99641
1337
34111
34112
66881
34114
99649
1354
66893
34126
34127
1360
66897
99666
34131
1357
99669
1368
66907
99677
34143
34147
66917
99685
66919
34153
66923
99698
1397
34170
99709
66942
66944
1409
99716
34181
34182
99721
66957
34192
66960
99734
66967
99738
34202
99743
1440
99745
34209
34210
1441
1447
66983
1451
34223
34231
67001
99771
34242
99779
99781
67015
34247
67018
1487
1489
34257
67027
99798
1498
1499
34268
67045
99814
99816
1512
99821
67054
1520
99825
1522
99829
34294
34295
1529
34298
99834
67072
99842
1542
1544
67081
1552
34321
99860
99862
1559
67097
99866
34332
34334
67103
1572
67110
1584
99891
34356
1589
34357
67127
1588
1597
1598
34365
34369
1601
1606
34377
34378
67146
34384
1621
1625
34398
1632
34401
67170
1635
34411
67194
34428
34430
34432
34433
34436
34437
1670
1672
34441
1675
1677
34450
67222
1692
34463
67233
67234
67236
1701
1703
34473
34478
1713
34488
34489
34491
34494
67263
34496
1726
34498
34508
34512
1747
67284
1755
67294
1758
67301
1765
1768
1769
1773
67312
67314
34549
1783
34554
34556
34558
34559
67332
1797
67336
1803
34572
1805
1807
34577
67349
67350
67351
34584
67353
34587
67359
34604
67376
34610
1842
67379
1850
67387
1854
34623
34625
34626
1862
34634
34645
1878
1884
34653
67424
67426
1902
67441
34677
34678
1911
67448
34681
67450
67461
34699
34700
1934
1938
34706
1941
34712
67481
34714
67489
67496
1962
34734
1971
34741
67510
67511
67512
34743
67514
67513
1980
1981
67516
67522
67526
34761
67537
67538
2003
2010
34785
34786
67555
34789
67558
2029
2030
34800
67568
34805
67573
34809
2042
34811
34816
2052
2059
34831
34836
2076
67617
34850
67618
34852
2084
67622
2087
2085
34865
2100
67639
2104
34878
34883
2118
34886
67655
2119
67664
67675
2141
2151
2152
34926
67700
2167
34943
2176
34948
34951
2185
67724
67729
67736
2204
2206
2221
35005
35008
2253
35022
67791
67790
35025
67800
2265
35034
35036
67806
35039
2283
67820
35051
2293
35061
67835
2301
67839
35078
67871
2335
67873
67875
35107
67880
2344
35120
67890
35139
67907
2379
35150
35153
67923
2394
2401
67948
67952
67954
67958
67966
35202
35204
67975
67977
2445
67989
2461
68003
2467
35239
68017
2483
2484
2487
68025
35257
35260
68032
35265
2498
35268
35270
2503
35271
68041
2502
68048
35282
68052
68057
2522
2528
35301
35302
68071
2536
68073
2535
68079
2552
2558
2561
2565
68101
2569
2571
35345
2579
68116
35354
35359
35364
2599
68136
68142
35376
2612
2614
2616
35387
68167
35401
2643
2644
2646
2652
2653
68190
68195
2666
35435
35437
2670
2674
35450
68221
35454
2691
2694
68233
68236
2709
35479
35480
2716
35491
68259
35498
2732
35514
2747
35516
2750
68289
35524
2757
2760
35533
2767
35535
35540
2779
68315
2781
2783
2785
35556
2794
35563
35564
2801
35569
68338
68340
68342
68344
35576
68354
68359
68368
35604
2839
35616
68401
35634
2867
35636
35638
68407
68408
2872
68413
68415
35649
35653
35654
68424
35665
2900
68437
68441
2907
2911
68454
35688
2921
68458
2929
68467
68471
35703
2937
35715
2951
68488
35722
2955
35725
35726
2961
2975
35744
68517
35750
35752
2986
2991
68530
35762
3003
35773
68541
68543
35781
68553
3025
35793
68563
68564
3029
35796
35799
68567
35794
35803
68577
3049
3050
3057
35829
35832
3073
68614
68616
35850
3089
3091
3093
35863
35864
3095
68634
35870
3105
35874
3107
35875
35878
3113
3114
3115
35884
35883
68652
35893
68662
35905
68673
3143
3153
68689
68696
68698
3166
68705
35942
3175
68724
3206
68745
3212
68752
3218
3219
3221
68763
68770
3234
36011
68780
68782
36015
36016
68787
36019
68789
3262
3263
68802
3270
3271
3272
3277
3278
36052
36059
36060
36067
3300
68837
36070
36075
3308
3310
68847
36087
3320
3319
36090
68859
68858
3321
36094
68863
36104
36107
3341
36111
3344
3346
3355
3358
36128
68900
36134
68908
3372
36143
36144
36147
68918
36156
36161
36162
3394
36167
36169
36175
36178
3411
36180
68950
3415
3432
68972
68977
3441
36220
36221
3452
3456
36231
3467
69007
36239
3475
36243
69013
3478
36249
69018
36252
3485
69022
36253
36257
36259
69027
36262
69032
36265
69034
69044
3509
36281
3514
36283
36284
69054
3530
3531
36308
69091
36327
3560
69098
69106
69107
3577
69114
69117
3583
69120
36353
3589
69136
3606
3609
69146
36378
69149
3616
36385
36388
69160
3625
3629
69172
69175
69177
3645
69183
69188
36421
36422
3655
36424
69193
69195
36428
3661
69197
36433
69206
69209
3676
3683
69220
36453
3686
3685
69227
69232
3697
36485
69260
36495
3727
3731
69271
3742
69278
69280
3745
3746
3749
69286
69288
3753
69299
3766
36536
36539
36541
3773
36554
3786
36556
69325
69323
36561
69332
69333
3804
36572
69346
36587
69355
36589
69358
36588
69360
36599
3836
36606
69382
36615
3850
3856
69393
3858
69396
3867
69408
69412
36651
36654
69422
3901
36672
69440
36676
3913
3920
69461
69462
3928
69464
36699
36700
3934
36708
36721
69502
36735
36736
36737
3972
36741
3976
69513
36748
69520
69523
69539
4005
4006
69541
69544
4011
36784
4016
69554
69553
4021
69557
36790
69560
69562
4026
69569
69573
36818
4052
69590
69592
36825
69594
36835
36839
4073
69612
4080
36858
69626
36860
36863
36864
69637
4108
69652
69656
36889
4121
69659
36891
69664
69669
4134
4141
4143
36913
4149
4152
69689
69690
4155
69692
4160
36931
69699
36947
36953
4186
4189
69725
36966
4212
4214
69767
69774
4238
4242
69779
69781
37019
4251
69790
69814
69819
69823
69830
37063
69832
69834
69839
69840
4310
37085
37091
69859
4327
69863
69880
4345
4351
4354
37123
69902
69903
37140
37144
69914
69920
37153
37154
69932
37166
4404
69942
37178
37180
4415
4418
37186
37189
4423
4426
69973
4438
4444
37212
4446
37215
37216
69990
69991
4454
4462
37233
37247
4480
70025
4490
70027
4489
37262
4496
70035
37273
70043
37276
37293
70064
70068
4533
70069
37303
37301
4539
37310
70083
4548
4552
70089
4559
4560
70097
37331
70101
70117
37350
70121
4587
4588
37367
70140
4605
37373
4610
70147
4612
37387
4620
4623
70161
37393
70163
37398
70168
37404
37406
37407
37408
70176
70175
37412
4645
70182
4650
70189
37424
70194
4663
70200
70206
70210
37444
4682
70220
70221
37457
70232
70235
37469
70250
4719
37504
4739
4744
4745
4746
4750
70287
70288
70286
37526
70297
4774
70325
37561
37562
37571
37572
70341
70344
37577
37580
70350
37587
70355
70356
4829
37598
70368
4832
70373
37618
4862
70398
4869
37639
70408
4880
37649
4882
37654
70425
37664
37667
70436
4903
70440
70439
70447
37681
70451
4934
70471
70470
37720
70491
70494
37730
37734
70504
70507
37746
37753
70522
4987
4993
4997
37767
5005
70542
37776
70545
70558
5023
70561
70566
70572
37807
37813
5052
70589
37821
70592
5060
5073
5077
37846
70613
5081
70618
5082
5085
70621
70630
5109
70649
70652
70658
5133
70674
5139
37908
5145
37914
37915
5147
5149
70686
5154
5155
70691
37924
37935
70713
5177
37946
37948
5181
5182
37952
5187
5190
5191
70736
5202
37972
70743
5210
70747
37982
5214
5218
70756
5225
37997
5233
38006
38007
70782
38015
38017
5254
38022
70792
38030
38034
38037
5270
70812
38052
70823
70825
38058
38059
38060
38062
70833
5298
70837
38074
38076
38080
70851
70854
5318
70859
5324
38093
38103
5338
5352
5354
70891
70898
38132
70901
5366
5372
70917
38151
38161
38162
5394
38174
5418
5422
38191
5424
70962
5432
38202
70975
5446
38214
5469
71005
38253
38258
71033
71035
71036
38270
5506
38275
5508
71048
5513
71057
38292
38297
5532
5535
71083
5548
38336
71105
71106
38338
71109
71112
38345
71117
38350
5583
38356
5589
71129
38362
38363
71133
5601
5602
38374
5606
5612
71149
38394
71171
71172
38406
38415
5647
38419
5654
38427
38428
71203
5667
38438
5674
5678
71218
38455
71224
71226
5691
5692
38462
38466
71235
5698
5701
71247
71248
71249
38484
71254
5723
5724
5725
5728
5730
38499
38512
38517
71288
71291
71294
38526
5760
5763
71302
5767
71305
38539
5774
5779
38551
71325
71330
5796
71336
71337
71339
71340
38573
5806
71355
38590
71358
71359
38592
5831
5832
71377
71381
5846
71388
38624
38626
5861
71398
5871
38647
71421
71423
71431
5899
71442
5906
5908
71443
71449
71452
71457
71458
5923
71461
71462
5927
71464
5929
71473
38705
71474
38708
71477
5942
5940
38712
38717
5950
71487
5961
38731
38739
71510
38743
38755
5992
38762
38769
6005
38775
71546
38779
38780
71562
38797
38801
6035
71572
38810
6043
6044
38813
6046
38817
6059
6066
38834
38837
38840
38841
71610
38843
71616
38853
71622
38858
71628
38862
6096
71634
6103
71642
71648
71649
71650
71655
71662
38897
38904
38905
71677
38915
6147
71692
38931
71702
71703
38935
6172
38941
71711
6176
71722
38966
38967
6202
6203
38971
38973
71743
38977
71747
38985
6220
38992
71764
71766
71770
39009
71783
39020
71790
39024
71795
6259
39034
71803
6268
71804
39035
6272
39041
71811
6279
71817
71820
39054
39058
6294
71831
39066
39071
71843
39076
71852
6316
39085
39091
71862
71863
71864
39096
39108
39112
39116
71888
6354
71891
6356
6357
71894
6373
71912
39145
6380
39151
6393
39163
71932
6400
71937
39172
6408
39179
39182
6415
6419
71963
6430
6439
39208
71976
6440
71980
71981
71984
6455
39226
39229
71999
39240
72011
6480
72021
39254
39256
6499
72035
72041
72048
72050
6514
72051
6519
72061
39294
6531
6536
39307
72076
39308
39312
72086
39321
6555
39326
72098
39333
72103
6570
39340
6580
6581
6594
39362
72133
72135
6612
6613
39383
39385
6619
6625
72162
39396
39403
39404
6641
39410
39416
39418
39421
6655
72195
72199
39432
6666
39434
72203
6669
39443
39448
72219
39452
72223
6689
72225
6691
72228
72229
72230
72233
6701
39471
72240
39475
6711
39486
6727
39499
72269
6738
6740
72281
6747
72289
72293
72299
6764
39536
6770
39545
72314
72313
39548
6782
72320
6786
72324
72339
6816
6817
39586
72355
39591
39599
72371
39603
72373
6844
39612
6852
6855
72394
39628
72397
39630
39631
6864
39632
72410
39652
39657
6892
39663
39667
6900
6901
6902
39680
6922
39698
72468
39702
6937
72481
72491
72494
39728
6961
72503
39736
6977
6981
6983
39755
39759
39762
39773
7006
72548
7019
39788
72559
7028
39796
72568
72585
39821
72591
7056
7057
7060
72599
39832
7064
39835
39840
72610
39848
72622
7087
39856
7097
39866
7099
7106
7108
39879
7113
39883
99108
39887
72661
39894
72667
7131
39900
7134
72674
7140
7144
72681
72683
39915
39919
72688
72690
7159
39928
72695
72703
72723
72726
39958
72729
7196
7198
39970
72738
7207
72745
72752
72756
39988
39993
39994
72764
7230
7232
40005
72781
40014
72783
7250
72790
7256
7257
72794
40028
72800
7266
72803
40035
40047
40048
7285
40057
40059
72828
72830
40066
40067
40069
40070
7302
72846
40079
7314
72860
40093
7331
40108
72879
72880
40115
7351
40120
72888
7356
7358
40129
72898
7364
7367
72903
40138
40141
40145
40147
72916
72918
40151
72920
40168
40170
7402
7406
7413
7420
72964
40198
72967
7437
7438
7439
72978
40212
40216
72984
72985
40219
72995
72996
7461
72998
40232
40237
73007
73013
7479
40248
40249
40250
40256
73025
40259
73027
73029
73031
7506
73047
73049
40281
7517
7519
73059
73064
7528
40298
40300
73073
73075
40308
40309
40311
40317
40321
7560
73126
7592
73129
40364
40365
7604
73141
40374
7608
7610
7612
7633
7638
40406
40407
40411
73186
7651
73188
73189
40425
7661
7665
73203
40435
73205
73206
7670
7674
73211
40450
7692
40462
40468
73239
7710
40478
40481
73253
7724
73261
40497
40502
7738
7741
7743
7744
40523
40527
73306
7775
40545
73316
7782
7785
40561
40563
40567
40568
7807
7815
40583
73359
73361
73362
40595
7826
40602
73371
40605
7838
7841
7842
40612
7845
40616
40617
40619
7852
7854
7855
73395
7860
40631
73401
73402
73403
73406
73407
40640
73410
7874
7875
73413
40645
7879
7885
7887
40660
40664
40665
73434
7904
73441
73443
73444
40690
73463
40702
73474
7938
73478
40717
40720
40725
73501
40737
73505
40739
73508
73509
40750
40754
40758
73532
73536
40770
40771
8008
73548
40790
73560
8025
40799
8032
40800
8037
8038
73574
73575
40808
40810
8044
73582
40816
73585
8054
8058
40828
73596
40842
40845
8078
40846
40856
40859
40860
8095
40872
8104
40875
8121
40891
8125
40894
40906
8145
73684
8149
8150
73690
73691
40925
8159
40928
40931
73702
40938
8175
8180
8187
40960
8194
8195
40964
8197
40968
8210
40981
73749
73755
8221
40991
8225
73768
8234
73772
73780
8251
8256
73794
41027
8261
73798
41031
8265
8271
41040
73807
41039
8273
73814
41054
8287
8289
73826
73827
73825
41064
73833
8298
8304
8307
8308
41075
41076
8326
73864
8330
73867
8332
8333
41100
73873
41106
73875
41109
73878
41110
41112
8352
41122
8357
41128
73896
73907
41142
73911
73912
8376
73910
73917
8381
73922
8390
73927
41161
73934
73939
8408
41178
8413
41185
41186
73956
73957
8422
73961
8425
73967
41201
73969
8445
41215
73984
8452
8453
41222
41223
73991
73988
41221
8454
8471
41240
8472
41239
74011
74014
41253
74021
41254
41260
8494
41263
8496
8502
74040
74041
41275
41277
74052
8517
8519
74056
8527
41299
8532
41302
41307
8540
74078
74079
8544
41313
41314
41318
41321
8553
41333
41336
41341
8588
41358
41360
41361
8594
41363
41371
74145
41378
8613
8615
41384
8616
41385
41387
8624
74162
74167
8632
74168
8631
74172
8649
41423
8661
74201
8668
74206
8671
8679
41451
41454
8686
8694
41467
8699
74243
41477
41484
41485
41486
8717
8720
8724
8726
74266
8730
74269
8736
74272
41505
74277
74280
41514
74284
41521
8760
41530
74299
74304
8769
41539
74315
74322
8787
41554
74324
8798
74337
41580
41588
74360
8827
41596
41597
8831
41602
8835
8834
8843
74382
8848
41616
41618
41622
41626
74396
41628
74400
74403
41635
74418
41651
41657
41663
41664
74434
8899
74436
8904
8910
74457
8925
8926
74463
41694
8930
8935
74473
41714
41715
8950
8952
74502
41737
41740
74512
74515
41747
74517
41750
74519
8984
74520
41756
74525
74533
8997
8999
74536
9005
9008
74547
9014
9018
9020
9026
41795
74562
9038
41809
41812
41813
9046
74583
9047
41819
41826
41827
9067
74603
41837
74611
41846
74616
74618
74620
74622
9091
9093
41862
9096
9097
41866
9104
9105
9107
41875
74648
9114
9117
74659
74660
41891
41894
74666
9134
41905
74675
9139
9143
41918
74687
74693
41925
74701
9169
41937
41948
74718
74720
9193
9195
41964
9197
74734
41968
74741
9207
41982
41985
9218
41991
41993
41995
9228
42006
9240
42010
9242
42017
74787
74789
9257
74794
42026
42028
74793
42030
9260
9264
42036
42044
9281
74817
9284
74820
74822
74823
42055
74827
42077
9310
42079
74848
42082
74854
42088
74858
42093
42095
9330
9331
42104
42105
74876
74877
9344
9349
42118
42125
74899
42136
42137
42139
9375
9379
42161
9404
9415
42187
9422
9424
42196
74966
42202
74971
42215
42219
9452
9451
74994
9462
9463
42233
75002
42235
75005
42244
75013
75014
9479
9480
42252
42255
75024
9489
75032
9499
75037
75047
75049
75050
9515
75051
9516
42287
9524
42295
42302
42304
75073
9545
75087
9551
75092
9556
9560
42330
42331
42332
42333
42334
75101
9570
9574
42343
75112
75113
75115
42356
42358
42359
75130
75132
9598
42369
9603
42380
75148
75150
9615
42386
75164
9629
42397
9636
75173
75174
42407
42414
9651
9652
9659
75196
9664
9665
75203
9669
75211
75215
9680
42449
42458
42460
75229
9695
42467
42474
42477
75246
9713
9718
9719
75258
42491
75259
75263
9728
9733
42501
9737
42506
75276
42510
42514
42516
9757
75294
75295
75293
42530
75300
75306
42538
75319
9786
9790
9791
42559
42561
75330
42564
9800
42569
42571
9804
42576
42579
75348
42580
42588
75361
42595
9828
42598
9836
75377
42615
42619
75389
75390
75401
75409
9879
75418
75420
9884
9891
9900
75436
42670
9901
42679
42681
9923
42693
9926
9934
42709
9943
42712
42713
75483
9952
75491
75504
42742
75513
42746
9978
42756
9991
42759
75533
75538
75541
42774
10005
75544
10027
42799
10033
42803
42807
10040
75577
10045
10046
10047
75584
42817
42822
42825
75605
10072
10073
10074
75622
75623
10091
42865
10100
10103
42872
10105
42876
10111
10113
10114
10121
42890
75658
75660
42897
42898
75667
75671
42904
75678
75683
75693
75695
75701
75703
75714
10179
10185
42959
75727
75728
42964
42965
75735
75737
10202
42969
10205
75743
42976
10212
10216
10219
10220
75760
10225
42996
75767
43006
43008
10246
10251
43020
75789
75790
75794
75797
75798
75799
10264
75802
10267
10275
75814
10280
10284
10286
75825
75828
10294
43063
43062
10300
75838
43071
43080
43086
10320
43090
75859
10328
43099
43106
75879
75880
43113
75882
75884
10358
75898
43137
43138
10371
10376
75915
75918
75922
43156
43157
10394
43163
10400
43168
75940
75941
43175
75957
10423
75971
75977
10454
43224
43226
75995
76002
43236
43239
43249
10497
43270
43272
10510
43283
43286
10518
43294
10534
43303
76083
76085
76089
76094
10560
43331
10576
43347
10580
76117
10587
43365
76139
10604
43374
10607
43377
43379
76148
43381
76152
76161
76163
43396
10628
76168
43406
76176
76177
10643
10645
10647
76186
10661
43429
43431
43432
10667
43436
76207
10671
43445
10683
43456
10693
43465
76236
10700
10703
10705
43477
76246
10710
76250
76253
43489
10722
76257
76261
10726
43502
76274
10738
10744
43513
76281
43516
43518
10751
76289
76294
43528
43544
43546
10784
43552
76322
10786
76327
10793
10796
10799
10802
43571
43575
10812
10813
10816
43588
43589
43601
76371
10836
10837
76376
10840
43609
10843
10844
43612
43614
10848
43618
43623
76391
76394
76396
76397
43634
43639
43643
10880
43655
76424
43657
43663
43673
43675
10911
10919
43693
43696
76465
10935
76479
10947
43721
43725
43727
76496
43730
10962
43731
43732
10969
43739
43745
10979
43751
76521
76537
11001
11008
43782
43784
11017
76558
76561
76563
11029
76565
11031
43800
11032
76570
43803
43804
76572
76575
11043
11048
11053
43829
76598
76597
43834
76609
43847
76619
76629
43861
43862
43864
43868
76637
43873
76642
11106
11109
76651
43885
11117
76654
76653
76657
76666
76668
11133
76672
11137
11139
43913
11147
11148
76687
43921
43928
76699
11164
76700
43936
11174
11182
76720
11193
43965
11203
43977
76745
76750
43982
11215
11218
43989
43992
43994
11231
44005
44009
76777
76788
44024
44034
44037
11270
44039
44038
44045
44048
11280
11281
44053
76823
76824
44062
44072
76841
44074
11306
44083
44086
76858
76860
76861
76863
11328
44098
76867
11334
44106
76876
76877
11345
76886
11353
44122
76893
76894
11359
76898
11363
11366
76903
76912
76916
44152
11388
44157
11389
44158
11393
76933
44166
11400
11404
11405
76942
11408
76950
44183
11417
76961
76985
11453
76992
76995
11460
11461
11462
44232
44235
77015
77016
11482
77022
44254
44259
44263
44264
77034
11502
44275
77046
11513
77052
11527
11529
11532
11534
77073
11538
77075
44309
44311
11544
11548
44319
11551
77090
44328
11561
77101
44335
44336
44345
77114
77124
11588
11593
44362
77136
44378
11611
44379
44381
77153
77154
11618
44388
77162
44395
44394
11630
44400
77171
44405
44406
11639
77177
44420
11654
11656
11657
11660
11661
77200
11668
77221
11686
11691
44461
77230
77241
11709
44489
11723
11724
77262
77263
44495
11731
77268
44501
11740
44509
77277
11746
44520
11758
44527
44533
44534
44542
44544
44546
77319
44552
44553
11786
77334
11799
44567
11815
44585
77354
11826
77365
44598
77371
11845
44615
11853
77389
11856
11857
11859
44627
11863
44634
44636
11870
44640
77408
77416
44652
11886
44656
44657
44661
44663
77432
11897
44667
11900
11902
44680
77448
77451
77459
11924
44695
11931
44701
77470
11943
44714
11949
11950
11955
11956
44725
77493
77495
77496
44729
11969
11970
77507
44752
77522
44756
11996
77549
44788
44796
77568
44805
12039
12040
44815
12055
12057
44826
12058
77601
77604
44839
77610
44847
77616
44858
44862
44867
77636
77640
77645
44879
12115
12116
44885
44890
77659
12122
12128
77665
12131
44903
12139
77679
77681
77682
77688
77689
44922
77705
77716
44956
44959
12192
44964
77734
12199
12198
77738
44972
44973
77756
77757
12223
44991
77762
77763
44997
12229
45000
45002
45005
45008
77777
45017
45020
45022
77799
77805
77807
12282
77822
12287
12291
12293
45064
45065
77839
77840
77841
12306
77844
12311
45079
45082
45083
77852
12316
12317
77855
12322
45092
12325
77861
12333
12334
12338
45109
77882
77897
45140
45142
77913
45146
45156
45157
12390
12396
45164
45167
45169
12402
12406
12411
45182
77956
45197
12438
12442
77979
12446
45236
45237
12472
45244
78015
45247
12481
45248
78019
45252
12485
12492
45264
78033
45265
78035
12499
45272
78041
45279
45281
12515
78052
78054
12523
78060
45298
78069
12538
12542
12546
45315
78084
78089
78091
45329
45332
12566
78102
78107
45347
12586
12587
45356
78124
45358
78129
45368
12604
78142
78143
78144
12609
45376
45383
12617
45387
78161
12635
12639
45407
78177
12646
45415
45417
78186
78189
45432
12669
78209
12673
78211
45445
78218
12683
45454
78222
45456
45457
12690
45460
78230
78232
45469
78239
78241
45475
12719
45505
78276
78279
12743
45514
12749
12750
12752
45520
78293
12758
12760
45529
78296
45531
12762
78304
78315
78316
45552
12788
45560
78336
78340
78343
45576
45582
78351
45586
45587
78360
45595
78363
78368
12832
78370
12836
78378
45614
12849
12866
12867
78410
78411
78425
78426
78428
78429
45663
78433
12903
12905
78442
78443
78448
12916
78453
78454
45692
78462
12926
12927
45696
78466
78465
78469
12934
78471
78473
78477
78479
45713
12948
78485
12950
45718
12952
12953
78489
45723
12955
45725
78490
12960
78501
12968
45737
78507
78510
78517
45749
78522
78523
78524
78528
12992
45769
45771
78549
13014
13017
13026
78563
45799
13032
13035
78573
13038
13039
45808
45809
45814
45820
45825
78593
13061
78599
13073
45848
45849
13086
78630
45866
45869
13103
78646
13113
78649
45883
13120
45889
78664
78665
78666
78667
45901
45902
78676
13141
78681
45919
13161
45933
45937
78711
45945
45950
13183
45952
45955
13203
78739
78744
78745
45982
13222
45996
78766
13233
46004
78773
13239
78781
78787
46019
78792
13258
78796
13269
46037
46040
46043
78811
46046
46061
13303
78841
78844
78849
78851
13317
13322
78863
46098
78870
78871
46105
13339
78882
46115
13348
78883
46122
46123
13360
78899
78902
13369
13371
46139
13379
78915
13383
78920
13384
13386
46160
46164
78933
46169
13402
78939
46172
78946
78951
46190
46203
78972
46206
78976
78982
78985
13455
13456
13463
46232
79002
46238
13472
13473
46241
79012
79014
46246
79020
46252
13487
13488
46258
79028
46262
13500
13501
13519
79057
13527
46299
79068
13537
46311
46312
46313
46314
46316
79088
79090
79092
46331
79104
13569
46342
79113
79121
79124
13603
79140
13608
79145
13609
79146
13626
79164
13630
13632
79168
79173
46406
79175
46408
13648
46421
79196
13661
79199
46432
46431
79202
46434
79204
46438
46439
46445
79216
46450
46455
13689
79230
13694
46464
79236
46470
13707
13709
46495
13733
46502
46505
46507
46508
13746
13750
46519
46522
13755
13756
13759
46528
79296
46531
79301
79303
46535
46537
79306
79308
79309
79311
46545
13779
13781
13785
13786
13788
79325
46561
13798
13799
13801
46573
46581
79353
13824
13825
13827
46595
13832
46605
13838
79376
46610
79382
46615
79385
13849
79387
46623
13856
79393
46627
13860
13861
79404
46647
13883
13892
79431
79432
46672
79444
46676
79448
13912
13920
13927
46695
13929
46698
13941
46710
79483
79484
46720
13953
46724
46731
46734
79504
46741
79511
79513
79514
46746
13979
13981
46757
46758
13992
79533
14001
14002
46772
14005
46775
46776
46779
46781
79551
46784
79555
46790
14023
46796
14031
14041
14043
46816
79586
46821
79589
14055
46837
46847
79622
79623
46855
79629
14094
46863
46864
79632
79634
14097
14093
14102
79639
79644
14112
46883
79662
79666
14141
14145
79682
46916
46930
46931
14164
14162
79698
79704
14168
79710
46943
46953
79726
14193
14197
79735
46972
79746
14212
14218
79760
14225
14228
79765
14231
79770
14236
14242
79783
14248
47018
47021
79791
14263
14269
14272
47041
79811
79813
14278
14281
47051
79820
79822
47064
47065
14298
79842
47075
47082
14321
14331
47101
47102
14335
79873
14344
14347
14352
47121
47122
14355
79892
47123
14358
47129
47131
14364
79900
47142
47147
79917
79920
47152
79926
79932
79933
14398
14404
47172
14408
14409
79946
79947
14412
14417
14420
79957
47192
79967
79969
79970
14437
79974
79976
47220
47224
14459
14461
14463
47233
47234
47239
47241
80012
80021
14486
47260
80030
14495
14504
14507
47277
14511
14523
80059
47293
14526
47295
14529
14536
80073
14546
14547
14549
14551
47324
80099
47333
47334
80109
47347
14580
47349
47353
14586
80123
80127
80128
80130
47363
14602
47377
80158
14631
14632
47404
14643
14646
14647
14648
47417
47420
14656
47426
14662
47433
47441
47453
47454
14688
80225
80235
47472
14704
47477
80246
80247
47480
14713
14714
14716
80260
14724
80264
80268
80278
47516
80287
80291
14759
80296
14764
80305
14781
80320
80326
47563
80332
47571
14810
47578
14813
14814
47586
47590
80367
14833
14841
14844
47612
47613
14852
80389
80390
80399
47635
47639
14873
80411
14879
80417
47651
14884
80421
80422
80423
14890
47662
80431
47664
14898
80435
14906
14909
47680
14914
47683
80452
47684
47687
47689
14923
80478
80482
14948
47719
14956
14964
14969
14970
80508
14976
14977
14978
14980
80516
80529
47765
15002
47772
47773
47775
15021
15026
80563
47794
80570
47802
47803
15039
80583
47821
47825
47826
15060
47831
47835
15068
47838
47840
15076
47846
15079
15091
47862
47865
15110
15114
47884
47887
47891
47897
80669
80670
47902
47905
15140
47914
80682
47915
15151
15154
47923
47930
80703
15169
80707
47951
80722
15188
80725
47959
15197
47966
47967
15199
15202
80742
80743
47974
80745
15211
80749
47982
80751
80752
15216
80754
47988
80760
47997
15230
15234
80771
80772
80778
15248
48039
48051
15284
15283
15294
15295
15298
48067
80836
80839
48072
80843
80844
80853
80854
15320
48102
15335
80873
15339
15340
48114
48125
15357
80906
80910
80911
48143
15377
80914
15378
15381
48150
15384
15389
48158
48162
15395
48168
15404
15405
80951
15418
48187
15421
15422
15424
48193
80965
48200
80973
80976
80978
48211
80979
48210
80990
15455
80995
48229
81006
81013
48247
81017
15487
81033
81036
15504
81041
48278
15511
15513
15516
48285
81054
48290
48298
15534
48302
48304
81078
81079
81080
48323
81095
48331
48340
81113
48345
15579
48347
15578
15584
15589
48361
81133
48372
81140
81146
48378
81152
15618
81155
48390
48392
15625
48396
81165
81164
15631
81174
15640
81179
48412
15643
15647
81188
81189
15654
48427
48430
48432
15669
81206
81217
15685
81227
81232
81234
48467
81236
15709
48481
81256
48489
48512
81282
48514
48523
15756
81294
81295
81296
15760
15766
15768
81304
15770
15773
48541
81310
81311
81319
81326
15794
48562
48564
15801
48571
48582
15815
81352
81353
81362
15828
15834
15836
81376
48620
81390
15855
15862
15871
81413
48646
48647
48653
81423
81427
15896
48665
81435
48670
48672
81442
48676
48700
81471
81473
15937
48710
48711
81484
48716
81486
48723
48739
48741
81511
15977
81514
81523
81529
81531
15997
15998
15999
48771
48772
48773
81542
16011
48780
48781
16017
16021
81557
48792
48795
16031
48800
16033
81570
81571
81576
48809
81580
16045
81582
16054
48822
81599
81601
81608
81613
48850
81624
81625
81627
16093
81632
16112
81649
48883
16126
16130
81666
16133
48907
48909
16144
48914
48916
16152
16153
16154
48925
16163
48936
16172
16181
81719
16184
48954
16186
48956
81726
81731
16195
48965
16198
48966
48970
16206
81742
81745
16210
48984
16217
81754
81755
16222
81761
48998
81769
16234
49011
81785
49018
16251
81790
81792
16264
49034
81809
16276
49053
16285
16287
81822
81821
81830
16294
81833
49069
49071
16305
16309
16310
16320
49091
81862
16326
81867
49104
16337
16336
81879
81881
16348
49122
49124
16356
16359
16361
49129
16363
49132
16365
16372
81912
81918
81931
49164
16398
49168
49173
81942
81948
81953
81954
49188
81958
16425
49193
81963
81961
49196
49205
81975
49210
49220
81989
49221
81994
49229
16468
16469
49242
82014
16480
82018
16482
82022
82023
49256
16492
49261
16499
82036
49268
82038
82041
49275
49278
82053
49287
49288
16519
82063
49296
49297
49304
49310
16547
49317
49323
16558
16573
82114
16581
16587
16590
82131
82132
49363
16598
49366
82133
16606
16619
82159
82160
82163
49396
82165
82172
16642
82179
82180
82182
82183
82185
16651
82190
82194
16658
49429
49432
49433
82203
49444
49445
49446
16678
49449
16683
82221
82229
49465
82234
49476
16709
49486
82258
49504
82279
49525
82296
49530
49534
16774
16779
49551
82322
16787
49557
82329
16794
16796
16798
16800
49572
82342
49577
82348
16814
49586
49595
82366
49598
82370
16840
16845
82394
16871
82409
16874
49643
16880
82417
49650
49651
16883
49655
82425
49658
16906
82447
49688
16923
82460
82462
16936
49716
16948
16951
49719
16953
82490
82493
49725
49728
82496
82497
49738
82509
82512
82513
49752
82522
82524
49757
17004
49773
82547
49779
17013
82548
82552
82554
49788
17023
49800
82570
17035
17037
82574
82576
82581
82584
82585
49819
49835
49838
82608
82610
17083
17094
17095
82635
17100
82645
49877
49881
17114
17118
49892
82660
17128
49898
17134
17144
82685
17150
82690
17157
17168
82706
49941
82709
17175
17186
82723
82722
49964
82736
49976
17210
17214
82751
82758
17223
17230
17231
17239
17244
82783
17249
50024
17257
50025
50029
82804
17270
17274
82822
50061
82836
50070
17302
82848
17313
50082
50086
17318
17319
82859
17323
50093
17328
17332
82875
50109
50117
17350
17353
17358
82895
50133
82907
17372
50147
82917
17382
17385
50162
50171
17406
82946
17412
82950
50185
50186
50187
17419
82955
17429
17441
50210
50211
17444
82983
82991
17457
17460
82997
82998
50229
50228
83002
50237
50239
17472
83011
83012
83017
17486
50261
50266
50269
83037
83045
50279
83048
50290
83059
50294
83062
50295
83066
50298
17536
83073
17545
83082
83086
17554
17555
83102
83104
17568
17575
50348
50350
83121
50355
83125
50365
17599
50373
17606
83144
83146
50378
17615
50386
83155
83158
50393
50404
83174
50406
50409
83178
17655
17659
50430
17666
50435
17668
17672
50450
17684
50453
50454
50455
17688
83225
50457
83230
50463
50467
17701
50470
17708
50480
83249
17720
83259
83260
50493
17725
83263
50505
83274
83273
17740
50509
83276
83280
50514
50515
17747
17748
17751
50525
50536
50537
50547
17780
17783
83326
17797
50569
50575
83344
83346
83349
50582
17815
83350
50586
17819
83356
83358
83363
83366
83368
50601
83373
50605
83378
17843
50614
83383
83386
50619
50618
17854
83391
83393
50631
17864
17865
17866
17871
83407
83409
83414
17879
50649
50652
50660
83428
50663
50666
17913
50682
17914
83454
83455
83456
17925
17930
50701
17938
17943
50714
83485
17959
17961
17964
17967
50740
17973
50744
83534
50766
50779
50784
50791
50792
18023
18028
50798
18030
50803
83579
83582
18059
18063
18069
83609
50843
50848
50854
18087
50860
18093
50862
18103
18110
18111
18114
50886
18119
18120
83657
18123
18124
50901
50907
18142
83682
83684
83691
83694
50931
83701
83702
18169
83706
50939
50940
83710
18178
83715
50948
83727
18192
50962
18196
50968
18200
50974
18213
18214
83750
83755
83756
83758
50990
83761
83764
83766
51001
83772
83773
18239
18243
83789
18255
83792
51023
83803
83809
18280
51052
83825
83826
51060
51061
51063
51067
51068
51070
51072
51074
51081
18314
51086
83854
51087
83857
83859
51091
83860
83862
18328
18329
51100
83873
18338
18342
18345
51115
51116
18351
18352
83889
51132
83901
83902
83913
83915
18381
83919
83922
83924
18391
51161
83929
18397
18398
18399
51169
18409
51178
51185
51192
51193
51194
51195
83965
83967
51201
18433
51206
51208
51212
51215
18448
18447
18452
51222
18455
18458
83997
51232
18468
18472
84009
51244
51246
84016
51252
84021
51257
84025
18501
18504
51276
18509
84046
51280
51283
18516
18519
18522
84062
84064
18530
18534
84071
51307
84078
18547
18550
51318
84087
18552
18554
51323
18555
51331
84100
51336
18572
18575
51346
84117
51350
18581
51353
18587
84124
84128
84133
51366
18598
51376
84149
18615
51383
18627
51397
51398
84174
18638
84175
18642
84178
51412
51413
18645
84183
18651
51422
18654
18656
51428
51430
18663
84205
18670
84208
84210
84218
18684
18687
18695
84233
84235
84241
51474
51480
18714
51484
18722
84264
51498
18736
84272
84278
51511
84280
84285
18749
18767
18769
51537
18772
18774
18787
51556
51559
51563
84332
84333
18795
51570
18804
51574
84345
51578
18811
84347
18810
51599
84368
18836
18839
84389
51622
51624
51626
84398
51635
18867
18869
51640
51642
51649
84419
18883
51659
18892
84430
84431
18899
18900
18901
18903
18905
84457
51691
84461
51696
18932
84471
84472
18941
84484
84486
18953
84490
18963
51731
18966
18967
18969
51741
84530
18994
51765
51768
51769
51772
51773
51776
51781
51784
84553
19019
84559
19023
84571
19045
51816
84594
51826
19060
19065
19068
51836
51839
84609
51841
19075
19076
84613
84623
84624
51858
51864
84633
51865
84635
19100
51871
51876
51883
84652
84655
84656
51893
84663
84669
19148
51919
19155
51924
19159
84697
84701
84702
19180
51948
51950
84722
19187
51957
19193
19200
19204
51974
19210
51978
84750
84752
19221
84757
84759
51991
19225
84761
51994
51996
51993
51999
19235
19237
84774
19243
52015
84786
52022
52023
52024
84790
19261
19262
52030
19268
52037
52039
19285
19290
19295
84833
19297
19301
84842
19309
52078
52079
52077
52081
52082
52084
19316
19318
52086
19321
52096
19330
84867
84869
52102
84870
19337
84874
52107
19340
19343
52112
19344
19350
52120
52129
84898
19374
19375
84911
19386
84925
19396
52165
84936
52171
19404
19406
19407
52177
52180
84950
52199
52206
52207
84975
84978
84981
52220
84993
52228
52232
19470
85009
19475
85011
19478
19479
85016
85017
19484
52252
19486
85024
52259
85031
19499
19501
19511
52290
52292
85067
19532
85068
85073
52309
19543
85084
52316
52320
52321
52323
52332
85103
85104
52340
52341
85117
52350
85118
52354
85128
19596
85133
52366
19598
85138
19605
19606
85144
85147
19612
19613
85153
52389
19625
85168
52402
85171
85176
19645
52419
52422
52424
19660
85197
19662
19664
85200
85203
85204
52437
19669
85213
19681
52451
19684
52458
52459
85229
19699
52468
19707
19709
52479
85248
19713
52480
85263
19729
19732
52504
19742
19750
85295
52534
19766
19770
19776
85313
19781
19787
19789
52562
85332
52564
85340
19808
52577
85345
85348
52581
19814
19819
85360
19826
19830
52599
19835
19837
19850
19851
19852
85389
52625
19857
19858
85398
19863
19864
19866
85404
19870
52641
85412
85413
85414
52648
85430
52673
52674
52678
52681
85457
85458
85460
85462
52697
52701
85471
85474
85478
19944
85480
52716
52718
85488
85496
19963
85502
85509
52752
85521
19985
52758
85527
52760
52761
85533
52767
20000
85535
85536
85544
20009
85553
85554
52786
20019
85556
20017
20024
20027
20036
52808
52815
52817
52818
85590
85592
85594
85596
85599
52831
52834
20075
85614
52848
20081
20085
85627
85631
52864
52866
85640
52873
20105
52875
85647
85648
85656
20126
20128
20133
52904
85674
52907
20143
85680
20144
85682
85683
20150
85689
85690
20155
20154
20160
20166
85704
20172
20173
52942
85708
85712
20179
85730
85732
20199
20204
52973
52976
52980
85749
20215
20218
52987
52988
52995
85764
53000
85770
85778
53012
20246
53015
85784
53024
85793
20258
20262
53030
20266
85807
85812
85814
53048
53052
20294
85831
53064
20298
20301
53070
53077
20313
53092
85866
85870
85873
85874
85875
85876
20343
20348
53119
85888
85895
53132
20366
20367
20370
20371
20374
85917
53149
20381
20388
85924
85927
53160
53162
85931
53163
20397
53165
53170
20413
53185
53186
85957
20429
20430
85968
53203
53208
85980
20446
20449
85985
20457
53225
85995
53236
86008
20474
53245
53246
53248
20481
20484
20486
53256
20494
53268
20501
53274
53278
53286
86057
20523
86062
86063
20527
20531
53301
53305
86083
20548
53318
20551
86086
53331
86099
86100
20568
53336
20571
86110
53345
20578
20583
86120
53357
86126
53358
86128
53360
86131
53369
86139
53371
20605
53377
20618
53394
86164
53398
20633
20636
20640
86179
20650
86190
86191
86192
53428
20664
86205
20670
53446
20690
86232
86234
53467
20704
53472
20710
53485
86254
86257
53489
86263
86264
53505
53506
53511
53519
20751
53521
20757
53533
86303
86305
20779
53558
86328
20794
86331
20803
86339
86345
86353
20826
53598
86371
20840
53611
86382
53615
20852
53622
53624
20857
20860
20861
53629
20863
20872
86408
86413
53645
53651
53652
53663
53666
53672
53673
20906
86443
86444
86447
53682
20916
86453
53688
53692
20925
53701
86469
86473
53706
86482
86483
20946
53717
53716
53714
20955
53736
86510
53753
20988
53759
20996
53767
53770
53772
53773
86542
53778
21010
53781
21021
86559
53792
53795
53804
21038
86574
86579
53817
86587
21051
53824
21056
86599
21063
21067
86611
53848
53852
21085
53858
86631
21102
53878
86650
21125
21132
21134
21136
21140
21141
53911
86680
21146
53915
86685
21154
86691
86690
21159
86695
53932
86700
53944
86713
86714
86723
86727
53971
21203
21204
86740
53975
53977
21210
86751
86753
53986
86754
86767
54000
53999
86774
86778
21243
86784
86786
54025
21260
86797
86796
54033
54043
86813
21282
21290
54058
86829
86830
21305
86842
54100
54105
21340
54108
21343
86879
21346
54115
21347
86882
21351
21352
86890
54125
21359
21365
54139
86908
54143
86913
21380
21388
21389
86928
54160
54164
21397
21407
86945
54177
21411
54180
21418
86958
54193
86966
21434
54202
54205
21439
21442
54211
54213
86985
54223
86993
87004
21468
54248
21484
21488
54256
21491
54259
54261
87031
87037
21503
21504
21507
87044
87046
87051
21516
87054
21521
21522
87062
54299
54302
21534
87074
54307
54310
21545
21550
87088
21553
87090
54320
87098
54332
54335
54336
21571
21579
21582
54357
54364
54373
21617
54389
21623
54396
21632
87168
54401
21637
54405
87175
87179
54412
21643
87188
54422
87192
21660
54429
54433
87208
21680
21685
87221
21687
21691
54467
87235
54471
87244
87247
87252
87258
87260
21724
87261
87263
87267
21733
87281
54517
54523
54526
54527
21761
21762
21763
21765
54534
21767
54535
87308
54543
87312
87316
54550
21788
21789
21790
87327
87331
21799
87338
54575
21810
54583
21818
54588
87363
21828
87367
54602
54604
21838
54609
54611
87381
21846
21855
54627
87398
54637
21871
87414
87416
21883
21885
87423
87427
87430
54663
21898
54673
87444
54687
54688
21923
87466
87469
21938
87477
54710
21943
87480
87483
54719
21954
54725
87498
87499
87500
21966
21968
87507
21971
54742
21980
54750
54752
21985
54756
54769
87541
54778
87547
22012
22013
54782
87553
54786
22018
87564
22035
87576
87584
54818
54821
54827
22061
87598
87606
87607
22074
54843
22077
22079
54849
54850
22082
54852
22096
54872
87644
87646
87650
54887
22120
22122
87659
87660
54900
54901
54903
22139
87676
87678
54922
87693
87696
87698
54930
54941
54943
54945
22189
54962
22201
54977
54978
87747
22210
22219
87755
87758
54991
87763
87764
54999
22232
87773
22239
22244
22246
55018
55021
55024
55028
22261
87798
55032
87801
55040
87810
22275
55043
22281
55054
22290
87831
22296
22297
55065
55068
87840
87841
22305
22309
55079
22313
55084
87855
87858
55091
22325
22332
55107
22349
87887
22351
22356
55127
22359
87895
22365
87902
87906
87907
87911
55144
22379
22380
55149
55151
87922
22386
22390
55161
55164
55166
87936
87938
22403
87946
55181
55186
87959
55192
87961
87965
22432
55201
55207
22443
55213
22448
22452
55222
87992
55230
22463
88008
22473
88012
22478
88017
55256
22490
22491
55263
88032
55265
88035
88043
55286
22519
88057
55294
22534
22540
22545
88083
55318
88087
22553
55327
55328
88096
55333
22569
22572
22573
55341
55349
55356
22589
55362
88132
55365
22598
55369
88138
55370
55372
22606
22611
22612
22613
88149
55404
22644
22645
22654
55425
22660
55433
55438
22671
22673
55441
55446
22679
55450
88218
22686
22687
22696
55467
22707
55476
55475
88248
55485
22723
55494
55495
22728
22729
55501
22734
55504
88273
55518
55524
88296
22761
88298
55530
22767
88304
55540
88316
22786
55555
88324
22793
55563
88336
88337
55575
22818
22820
88356
22826
88371
55604
55605
22836
55610
22855
22859
88396
55629
22868
55643
22875
88414
55649
55651
55654
55669
22905
55681
88454
88466
22933
88477
55711
55713
22948
22953
88495
22964
88501
88503
55737
88506
22970
22976
55746
55749
22982
88519
55756
22989
22988
88527
22994
23012
88561
88562
55795
23028
55802
88575
88578
55811
23044
88594
88595
55831
23064
55837
55851
55853
55854
55856
88625
55859
23095
88638
55880
88648
23112
55884
23120
23125
88661
23127
88665
55899
88671
23138
88675
23140
88674
88679
23144
55915
23149
23154
23155
88692
55923
23159
88697
88707
23178
88720
88721
88731
55968
23206
88750
23215
23221
55990
55993
23229
88768
23234
23238
88775
56013
23246
56016
56018
88787
56026
23259
23258
88807
23271
23272
88809
56043
56056
23290
23291
56068
23301
56080
56082
88852
88853
23321
88865
88872
88879
56113
23346
56116
56118
88887
23355
88894
56128
88898
56132
88902
88906
88926
88927
23393
56161
23399
88935
88947
88953
88957
56191
23424
23426
23442
23447
88983
56217
56222
56224
56231
23468
89005
56239
23473
56252
23491
23493
23494
56263
56262
89035
23500
89037
89038
89042
23506
89045
23520
23523
23525
23528
89072
23541
56324
23560
89096
89097
89099
23565
23566
56345
56351
23584
89123
56357
23600
23601
56369
23603
89142
56375
89144
23612
56380
56393
23626
56402
89174
89175
23640
89178
89182
23651
23652
89191
23655
56431
89202
56435
89204
89205
23673
23685
89222
23689
56458
23692
23698
56476
56477
23711
23715
89258
56496
23731
56500
89275
23740
89286
56521
89295
56528
56536
89311
89313
56546
56547
23781
56553
23787
56556
56563
23796
56567
89342
89343
23806
56575
23810
89348
23812
89351
56587
89356
89360
89362
89369
56606
56607
89387
89392
23856
56626
56629
89398
89405
23870
89412
89420
23885
56654
23890
23892
23893
89429
23895
56663
89433
56660
56664
56676
23913
23914
89451
89452
23916
56686
56690
89460
23925
89462
23932
56706
56708
56712
23953
56723
56728
23961
23964
23965
23973
23976
23978
23979
56755
23988
89525
89524
56762
89534
24005
24017
89561
24026
89564
24038
56807
56808
89580
24045
89582
24057
24058
56830
56831
24069
24073
56842
56843
56845
89615
56849
89627
89632
24097
89634
89640
24114
89652
89655
56896
89666
89669
56902
24135
56903
56905
24137
56907
56909
24144
56913
89681
89686
89689
89695
89700
24167
24169
56940
56943
56947
56950
24184
89722
56959
89735
24201
24208
56976
24217
89760
24230
56999
57013
89782
89787
57028
57033
57037
57038
24283
57051
89821
57058
89826
57065
89837
24304
89841
57074
57081
89859
57096
24330
57099
57104
57114
89884
57119
89890
24359
89896
89898
89902
24367
24370
57138
89909
89919
89923
24390
24392
89929
89930
57162
89938
24418
24423
57206
57208
57213
57216
89985
89986
57218
24453
89992
89999
24472
57243
90012
24481
24482
57252
90024
90027
57259
57261
90034
57268
57269
57270
57277
24510
57281
24515
24516
90056
57290
24526
90064
24529
90072
24537
24538
57307
90078
57315
24552
24557
90096
57340
24573
90111
24577
90114
90119
24584
90121
57354
57351
90132
90133
90140
24607
90144
24611
90148
24616
57386
57394
90165
90167
57403
90180
24645
24647
57417
90186
24655
90194
24659
57428
24661
57430
57429
57432
90206
90213
57456
24689
24690
90227
24691
57463
90235
24701
57471
57472
24711
90247
90253
57486
24722
57490
57495
90266
57508
90282
24748
90286
90292
57524
57529
24763
24766
24772
57542
90322
24789
90325
24791
24796
24799
24805
24808
24809
90347
57580
24814
57583
24815
24820
90359
90364
57597
57607
24842
57613
24853
24855
57624
90393
90394
24860
24862
24865
24866
24869
24873
90415
90416
57649
57651
24884
57654
57658
24893
24894
57663
57664
57667
90436
57673
90443
24907
90445
90455
57689
57695
90468
90471
57707
90476
57710
90480
24956
90493
90495
90497
24966
24968
90505
24978
90514
24980
57749
57750
24987
24990
24997
25002
57772
25007
90544
25009
25019
57788
25027
57796
25032
25034
25036
90580
25047
57816
90586
57819
57821
57827
90604
57837
90609
25075
90613
90615
25088
57857
57859
90637
90642
57875
57882
57886
90655
90654
57887
57891
90670
57903
57910
57912
25145
25147
57918
57919
25153
57923
90693
90699
90702
25167
25166
25170
57943
25176
90716
25186
90723
57956
57955
57958
57960
90731
57971
90742
90753
57988
90762
25230
57999
25233
58001
90770
90773
58006
90779
90780
25248
90785
58018
25253
58028
90805
25271
58053
90824
25298
90834
90837
90838
58075
25311
58081
25319
58092
58093
25324
25327
25338
25343
90884
90885
25352
25356
25361
58130
58131
58137
58138
58142
90916
25383
90919
58151
58154
25388
58158
25397
58166
25400
58171
25410
58182
90968
25433
90978
58213
90982
25453
25455
25470
91007
58241
91011
58245
25481
58252
91020
91022
58259
25498
58274
91045
58278
58287
91056
58291
25527
25528
58295
58297
91070
25542
91081
91083
58324
91094
25560
91103
91108
91111
25578
91120
25585
91123
58356
25588
58358
58362
58364
58368
25607
58375
91144
91146
91147
91150
25620
91158
91159
25625
91162
58401
91173
91184
91185
91189
25655
25658
91195
58430
58431
58434
91203
25670
91213
58445
91215
58451
91227
91231
58464
91233
25697
91235
91237
91242
58477
25712
25713
91250
58485
58490
91258
25731
91270
25740
58513
58515
25748
25751
91287
58525
91294
25760
25765
58534
25768
91305
58538
25772
25780
91316
91318
58550
91323
25794
58566
91336
58574
58575
25811
58585
91355
25823
25826
91363
25828
25829
58601
25834
91371
58606
58607
58611
25844
91380
91382
25848
91388
25854
25856
91397
91400
91401
58634
25865
25870
25874
25876
58644
25879
25881
91424
91435
25901
91439
25904
91443
58676
91453
25918
25919
25922
25927
91465
25930
25936
91477
91495
58730
25963
91501
58734
25974
91513
25982
91519
58751
58752
91523
58756
25989
25988
25991
91534
91539
26011
91548
91551
26020
26021
58790
58792
58801
58802
58803
26034
91570
58806
91575
26043
26046
58815
26048
26056
91593
26058
91603
26077
58846
26079
26081
91619
26085
91623
58857
58860
26096
58864
58870
91642
91643
58874
26109
58877
58878
58884
91653
26125
91666
26140
26152
91693
91695
91712
26179
91725
58961
26201
26205
58976
91746
26211
91748
26212
58981
91758
58992
59009
91778
26243
59015
59024
59027
91797
91799
91800
91803
26267
91805
26273
26276
91812
59044
91815
59048
91820
91826
59058
26291
26294
59063
26296
26300
59071
91842
59075
59077
91845
91847
91851
91853
26317
26320
91861
59094
91866
59101
91873
26337
91881
91882
91886
91888
26353
59121
26361
91899
26364
91904
26369
91906
26371
91910
91915
26384
26397
91945
26413
26420
91959
26426
91964
26429
26432
91969
91970
91972
59208
59209
26443
26447
91983
59218
26451
59221
59223
26457
26459
26460
59230
26463
59232
92000
59235
92027
26495
59274
26511
59280
92051
59286
26528
92066
26536
92073
59308
92076
26540
59313
26550
59323
59325
26563
59335
59339
26574
92114
26582
92118
59354
26588
59357
92128
92130
26599
26601
26602
92143
26608
92148
92150
26615
59386
92155
59388
59393
59402
59403
26643
92180
59415
59419
59425
26658
26659
26668
92214
26684
26687
59456
92225
26689
26691
26697
26701
26703
92243
26709
92245
59480
92252
59489
59492
26724
92262
59496
26731
59509
92279
92282
26749
26750
92286
59521
26755
92299
26764
26766
92303
26770
59538
59541
59547
59550
59552
26785
26786
59560
92330
26800
92337
92342
59575
92345
26810
59579
59578
26814
59583
59585
26827
92366
26831
59600
92372
59608
26841
92379
26853
92394
92395
26863
59635
92413
92417
59649
92421
92427
59661
92430
92437
59675
92443
92447
26912
92448
26918
26921
92459
59692
59696
92470
59709
59714
26946
59717
92488
92500
26975
92523
59765
27001
59770
27005
59776
92546
59778
92548
59784
27017
27021
59789
59792
59794
59796
27031
27034
27041
59812
92585
27059
27065
59838
27072
59840
27074
92612
59847
92623
27092
59863
59868
59869
27103
59873
59874
59877
92648
27113
59880
59883
92660
27127
92669
59902
92675
27144
59918
59923
27156
59928
92697
59930
59946
59947
59948
92722
92723
92725
92737
92738
92742
27207
27213
27214
59984
59987
59990
92763
59996
59995
59998
92767
92771
92773
60006
27242
92784
92791
92793
92794
60028
27263
92799
27271
60053
60057
92827
60061
27294
27299
92839
92840
92841
92842
60078
60082
92854
60088
92858
27325
60099
60100
92869
60102
92871
92872
27336
27339
92879
60112
92881
60114
60117
92886
27357
60125
60127
92895
92898
92899
92900
60138
92907
92909
92910
92914
27383
92922
60157
27395
27399
60176
27410
27421
60192
27426
60200
92969
60202
27433
92970
60204
27442
27449
27453
92993
27479
93022
60254
27492
93032
60271
27503
60276
60288
27526
27531
27539
93077
93079
93082
93084
60319
93091
60330
60331
60338
27571
60342
93117
60355
93124
27597
60368
60369
60371
27605
93143
60376
60377
93147
27611
27613
93150
93152
93153
93158
93164
60397
60399
27638
60406
60407
60409
60410
27641
27645
93192
60424
93195
60430
93201
27666
60440
93219
27684
27687
60464
27697
27699
93235
27701
93236
60475
27708
60483
27716
60489
27727
60496
93270
60509
60510
27744
60517
27752
93289
27756
93293
60528
93297
27771
60539
60542
27774
60543
60552
27785
27792
93334
60569
27802
93349
60582
93352
27822
27828
93376
60614
93383
60622
60626
27859
60630
27866
27867
27869
27872
60644
27877
93415
60658
93429
60662
93434
60667
93435
27902
27905
60674
60676
27913
60684
27916
60692
27929
60700
93469
60702
27934
60704
27935
27945
93483
93484
93485
93486
60715
27952
60722
60727
93495
93496
93498
60739
27978
93519
93523
60758
93526
27997
93535
28003
60771
93543
93549
60783
93552
93567
60800
28033
60802
93575
28039
93577
93585
93588
28053
28055
93594
93602
28067
93607
93609
28074
28078
60854
28087
60857
28091
60859
60868
93639
28107
28120
93658
93660
28137
60910
93680
28147
93683
93691
93695
60927
93696
28167
93706
28171
93716
60949
60954
28196
93734
60967
28202
93742
28208
93744
28210
28211
60982
93754
28221
60991
60992
60994
93764
93767
28234
93772
28237
93774
93780
61013
28246
93785
28260
61034
28266
61040
28273
93815
28285
28286
61053
93828
61061
93831
61064
61069
28303
28305
28307
93845
61082
93852
93854
28320
93859
28323
28325
93861
93863
61103
61104
93876
28341
28342
93879
61111
28340
28349
28361
61129
28370
61139
93909
61144
61146
93916
28380
93921
93925
28390
61158
93930
93942
61180
93952
93957
93962
28428
28438
61207
61208
28439
28442
61214
28446
93988
28457
28462
28465
61238
94007
61240
94009
28474
61243
94011
94019
61253
61254
61256
94033
94035
28499
28500
61282
61287
28523
94064
94067
61302
28539
61307
61310
61312
61336
28572
28573
28577
28579
61348
94119
28595
94131
28601
28605
28609
28610
28613
28614
61384
94153
28619
61388
94157
28632
28641
61410
94181
94186
94187
28652
28653
94188
94194
94195
94205
28669
61444
28678
28679
61454
28687
94224
94223
61461
61465
61469
28709
61489
28723
94263
28727
28729
61495
94269
61501
61505
28737
94275
94281
28745
61516
28748
28750
28751
61520
28757
94304
61540
61541
28778
61548
61559
28791
94330
61569
28803
94339
28807
94344
28824
61595
28831
61601
28834
94371
94372
28844
61612
94383
28852
61624
94392
28869
61645
94416
61650
61653
28893
94430
28896
28900
28906
61675
61677
61682
61685
61691
28924
28925
94463
28929
94465
28932
61701
28936
28938
61706
94486
94487
94489
28956
28957
28962
28963
28967
61736
94507
94511
61748
94516
61749
94521
61756
28994
61765
61770
29002
94545
29011
94548
94551
94568
61811
29044
61816
61818
94590
94593
29059
61829
94603
94604
61835
61838
61839
94605
29075
61843
94613
94612
29082
61855
61856
94624
61860
94628
61866
29100
61868
94640
61873
94645
94648
61882
61884
94656
61889
29131
94668
29133
29135
61903
61907
94676
61911
29145
61914
29151
29153
61922
94699
61940
61943
94711
29178
29179
61947
29181
29188
61960
61962
61963
94730
61968
61972
94743
61976
29210
61991
62002
29237
62005
29240
62011
29251
94787
94791
62031
62035
29268
29272
62043
29279
62052
62056
29299
29303
94839
62092
29324
94862
94863
29332
62102
62108
94876
62111
29349
29352
94889
62120
62123
62124
29354
62132
29369
94909
62141
29382
62151
94924
94925
62159
94927
62165
29400
62180
29413
94950
29429
62199
94968
62202
94974
94975
29443
62211
94981
94984
29448
62222
94991
94992
29460
95000
62241
29475
62246
62251
29487
29493
62263
29497
95039
29516
95061
62304
62306
95075
95078
62310
29543
95089
29554
29557
95102
62336
62337
95108
62342
95113
29581
29582
95118
29585
29588
29592
95128
62365
95143
62375
95146
95147
62380
29615
29617
95156
62389
29625
95163
95165
95170
62402
95175
29643
62415
62420
29653
62421
95188
95193
29664
29672
62442
29676
29678
62446
95216
95223
29690
29691
29706
95244
95245
95248
29713
95252
95269
62502
29735
95274
29745
29746
62515
29751
62519
95290
62523
62525
62526
29761
95299
62531
62536
95309
95315
95317
95323
29789
62562
95330
29795
95334
95335
95337
95338
62573
62575
29809
95355
29820
62592
62593
29824
62598
29831
95369
95374
95378
95382
62620
95389
29861
95398
29867
62645
95423
62656
62664
29900
62670
62672
95443
29912
95450
29922
95476
62709
95478
62711
29948
95488
29954
29962
29965
62735
62738
62740
29976
62745
62749
29986
62759
95528
29995
62765
95543
30007
95545
30014
62784
95555
95556
95559
62794
30030
95570
95578
95585
62817
30051
62820
95586
95588
62818
30059
30064
62833
30069
95609
62845
30078
30077
95616
62851
62852
30094
62867
62868
62870
95641
30106
30115
62885
30120
95656
95661
95662
30136
95674
62907
62912
62914
95686
30154
30156
62928
95698
95699
62937
62938
62939
30180
62952
30186
62966
62967
62969
95738
30206
62978
95751
30222
62996
62998
30234
63002
95772
30238
30241
63029
63030
95799
30272
95808
63047
63049
95818
30288
63058
63062
63066
63067
63071
30309
63077
30313
95857
30322
95861
95868
30334
95871
63105
95881
95886
63127
63128
30364
63133
30367
30370
30371
63141
95910
30376
95923
63155
30393
95934
63170
63175
95946
95947
30412
63180
63183
30419
95960
63195
95963
30429
30447
63220
95993
63227
95996
63229
30463
30465
63234
63239
96015
30481
63254
63259
30492
30498
63268
30503
96042
96046
30513
63285
30525
30529
63300
30536
96075
63308
63314
30547
30549
96087
96090
63327
63328
63329
96102
63346
30578
30579
63351
96121
63354
96125
63374
30609
63382
63389
63393
96162
96165
96167
30634
96174
63408
96182
30649
63422
30656
63430
96204
96206
63446
96215
96218
63456
96226
63462
96238
63470
30704
30715
63490
30729
30730
96268
30739
96279
63511
30745
96283
96290
96291
96299
63531
63533
63536
96319
63552
30785
30787
96326
63566
63568
30801
96341
30806
63581
30815
30817
63585
96359
63592
63597
63598
63604
96373
30838
30839
30846
30851
96387
30858
63627
63628
30863
96402
96407
63639
96414
96417
30885
63655
96423
30892
96429
96430
30897
63672
96441
96443
96444
96451
96458
96462
96466
30934
96478
96481
96485
96489
30957
30959
96497
63729
63733
96503
63738
96508
63744
30986
30992
30998
96535
31002
31011
96553
96559
31025
31033
63802
63805
31042
96579
96581
63816
96584
63818
31055
63828
31062
63830
31071
63840
63841
96610
31077
63850
63856
96628
31094
63863
63864
96632
63866
96630
31098
96636
96642
31107
63882
31115
96650
96653
96654
31114
63889
63890
31124
63894
96663
63899
96671
63917
63918
31149
96688
31153
31154
63927
31160
63930
31164
96701
63937
63942
96711
96713
96715
96720
63958
31191
31193
63965
31202
96740
63978
31211
96760
63995
96763
96766
63999
96768
96771
96772
31237
31239
64015
64020
31254
31256
96792
31257
64028
31263
96806
31271
96811
96814
64051
31284
96821
31283
96826
64058
31294
31295
64065
31320
31321
64093
64100
64101
31337
64106
31339
96879
31343
31347
64115
64117
96889
96895
31360
96897
64131
96900
31367
96906
64141
96910
31375
31376
31378
64148
64157
96929
31399
31401
96940
31408
31410
31414
31419
31420
96967
96972
64205
96981
96988
96991
64224
64228
31461
31469
31473
64242
64254
97028
31494
97032
97033
31499
64269
97042
97043
31506
97047
31515
31522
31530
64300
64302
31538
97074
97076
31543
31546
31547
64314
31549
64320
97088
97094
64329
97100
64344
31579
31582
64358
31591
97127
31594
31597
64365
97136
97142
64374
97145
97151
64387
31622
97168
64406
64409
64411
97180
64416
64432
31667
31668
31669
31670
31673
97211
97212
31677
31680
64451
31695
31696
97233
31697
31700
31707
64475
64476
97249
64483
31718
97255
31721
31722
97258
97260
64492
64495
31731
97271
64504
31741
31743
64513
97286
64519
64520
97291
64525
31759
64532
97304
97307
31778
31782
97319
97320
97326
97333
97336
97341
64575
31808
64581
31816
31818
31823
31824
64606
31839
97381
64613
31847
97384
97383
97386
97388
97389
64621
31854
31857
31858
97399
64635
97410
31875
97413
97414
64657
31896
64666
31899
97436
97437
64672
64673
97444
64678
97447
64680
31916
64685
31918
31927
64695
31929
31930
64700
64702
31940
97479
97480
31947
97487
97488
64731
97504
64738
31971
64742
97512
97513
97530
31997
31998
64771
32003
64774
64775
64780
64781
32014
97551
97553
64787
64790
32023
97559
64793
97569
32035
32037
32041
32043
64823
32056
97595
97597
97598
64832
64835
32068
97604
97607
64843
64848
64855
64856
97625
64863
64873
97645
97654
32123
97661
32127
32131
32134
64903
97670
64905
64902
97675
64908
97680
97687
97689
32154
32156
64928
97699
64944
64948
32182
32194
97733
32198
32204
64974
32209
64982
64983
32220
97757
64989
97759
64994
32226
97766
32232
65003
97772
97775
97776
32243
32244
97781
97782
65015
97784
32249
65017
97790
32255
97792
97793
32258
65028
32260
97796
97805
97810
32276
97827
65060
32298
97846
32311
32312
65081
97850
65086
97856
65090
97867
65099
65102
65106
32352
97889
32354
65125
32362
97899
32364
65136
97935
65167
65169
32402
32414
32415
65182
65188
97958
65193
32425
97964
32434
65206
32439
65207
97977
97976
32443
32444
65214
97983
65217
65223
97992
32460
32477
98014
65247
98016
98018
32483
32482
32487
32489
65261
98030
32497
32501
32502
65273
32506
65276
98045
65280
98049
65283
65297
65308
32542
32543
32551
65325
65330
65331
65333
65334
98103
32569
65341
65347
65348
32580
65357
98127
32605
98144
32609
98151
32617
65388
65389
98159
65393
65394
65401
98176
98182
65415
98183
32649
98190
98203
32668
98206
65440
65446
32678
98218
65450
65455
32698
32699
65474
32712
32720
98263
98269
32737
98278
32747
98289
32758
98296
98298
32764
98303
